{
  "width": 96,
  "height": 96,
  "focal": 88.32000000000001,
  "frames": [
    {
      "file_path": "images/view_000.png",
      "transform_matrix": [
        [
          1.0,
          0.0,
          -0.0,
          0.0
        ],
        [
          -0.0,
          0.989533007144928,
          0.14430688321590424,
          0.3499999940395355
        ],
        [
          0.0,
          -0.14430688321590424,
          0.989533007144928,
          2.4000000953674316
        ],
        [
          0.0,
          0.0,
          0.0,
          1.0
        ]
      ],
      "focal": 88.32000000000001,
      "width": 96,
      "height": 96
    },
    {
      "file_path": "images/view_001.png",
      "transform_matrix": [
        [
          0.9510565400123596,
          -0.044593289494514465,
          0.3057825267314911,
          0.7416408061981201
        ],
        [
          0.0,
          0.989533007144928,
          0.14430689811706543,
          0.3499999940395355
        ],
        [
          -0.30901703238487244,
          -0.13724401593208313,
          0.9411017894744873,
          2.2825355529785156
        ],
        [
          0.0,
          0.0,
          0.0,
          1.0
        ]
      ],
      "focal": 88.32000000000001,
      "width": 96,
      "height": 96
    },
    {
      "file_path": "images/view_002.png",
      "transform_matrix": [
        [
          0.80901700258255,
          -0.08482146263122559,
          0.5816329121589661,
          1.410684585571289
        ],
        [
          0.0,
          0.989533007144928,
          0.14430689811706543,
          0.3499999940395355
        ],
        [
          -0.5877852439880371,
          -0.11674673110246658,
          0.8005490303039551,
          1.9416407346725464
        ],
        [
          0.0,
          0.0,
          0.0,
          1.0
        ]
      ],
      "focal": 88.32000000000001,
      "width": 96,
      "height": 96
    },
    {
      "file_path": "images/view_003.png",
      "transform_matrix": [
        [
          0.5877852439880371,
          -0.11674673110246658,
          0.8005490303039551,
          1.9416407346725464
        ],
        [
          0.0,
          0.989533007144928,
          0.14430689811706543,
          0.3499999940395355
        ],
        [
          -0.80901700258255,
          -0.08482146263122559,
          0.5816329121589661,
          1.410684585571289
        ],
        [
          0.0,
          0.0,
          0.0,
          1.0
        ]
      ],
      "focal": 88.32000000000001,
      "width": 96,
      "height": 96
    },
    {
      "file_path": "images/view_004.png",
      "transform_matrix": [
        [
          0.30901703238487244,
          -0.13724401593208313,
          0.9411017894744873,
          2.2825355529785156
        ],
        [
          0.0,
          0.989533007144928,
          0.14430689811706543,
          0.3499999940395355
        ],
        [
          -0.9510565400123596,
          -0.044593289494514465,
          0.3057825267314911,
          0.7416408061981201
        ],
        [
          0.0,
          0.0,
          0.0,
          1.0
        ]
      ],
      "focal": 88.32000000000001,
      "width": 96,
      "height": 96
    },
    {
      "file_path": "images/view_005.png",
      "transform_matrix": [
        [
          6.123234262925839e-17,
          -0.14430688321590424,
          0.989533007144928,
          2.4000000953674316
        ],
        [
          0.0,
          0.989533007144928,
          0.14430688321590424,
          0.3499999940395355
        ],
        [
          -1.0,
          -8.836248532937474e-18,
          6.05914232383176e-17,
          1.4695762231022014e-16
        ],
        [
          0.0,
          0.0,
          0.0,
          1.0
        ]
      ],
      "focal": 88.32000000000001,
      "width": 96,
      "height": 96
    },
    {
      "file_path": "images/view_006.png",
      "transform_matrix": [
        [
          -0.30901703238487244,
          -0.13724401593208313,
          0.9411017894744873,
          2.2825355529785156
        ],
        [
          0.0,
          0.989533007144928,
          0.14430689811706543,
          0.3499999940395355
        ],
        [
          -0.9510565400123596,
          0.044593289494514465,
          -0.3057825267314911,
          -0.7416408061981201
        ],
        [
          0.0,
          0.0,
          0.0,
          1.0
        ]
      ],
      "focal": 88.32000000000001,
      "width": 96,
      "height": 96
    },
    {
      "file_path": "images/view_007.png",
      "transform_matrix": [
        [
          -0.5877852439880371,
          -0.11674673110246658,
          0.8005490303039551,
          1.9416407346725464
        ],
        [
          0.0,
          0.989533007144928,
          0.14430689811706543,
          0.3499999940395355
        ],
        [
          -0.80901700258255,
          0.08482146263122559,
          -0.5816329121589661,
          -1.410684585571289
        ],
        [
          0.0,
          0.0,
          0.0,
          1.0
        ]
      ],
      "focal": 88.32000000000001,
      "width": 96,
      "height": 96
    },
    {
      "file_path": "images/view_008.png",
      "transform_matrix": [
        [
          -0.80901700258255,
          -0.08482146263122559,
          0.5816329121589661,
          1.410684585571289
        ],
        [
          0.0,
          0.989533007144928,
          0.14430689811706543,
          0.3499999940395355
        ],
        [
          -0.5877852439880371,
          0.11674673110246658,
          -0.8005490303039551,
          -1.9416407346725464
        ],
        [
          0.0,
          0.0,
          0.0,
          1.0
        ]
      ],
      "focal": 88.32000000000001,
      "width": 96,
      "height": 96
    },
    {
      "file_path": "images/view_009.png",
      "transform_matrix": [
        [
          -0.9510565400123596,
          -0.044593289494514465,
          0.3057825267314911,
          0.7416408061981201
        ],
        [
          0.0,
          0.989533007144928,
          0.14430689811706543,
          0.3499999940395355
        ],
        [
          -0.30901703238487244,
          0.13724401593208313,
          -0.9411017894744873,
          -2.2825355529785156
        ],
        [
          0.0,
          0.0,
          0.0,
          1.0
        ]
      ],
      "focal": 88.32000000000001,
      "width": 96,
      "height": 96
    },
    {
      "file_path": "images/view_010.png",
      "transform_matrix": [
        [
          -1.0,
          -1.7672497065874947e-17,
          1.211828464766352e-16,
          2.939152446204403e-16
        ],
        [
          0.0,
          0.989533007144928,
          0.14430688321590424,
          0.3499999940395355
        ],
        [
          -1.2246468525851679e-16,
          0.14430688321590424,
          -0.989533007144928,
          -2.4000000953674316
        ],
        [
          0.0,
          0.0,
          0.0,
          1.0
        ]
      ],
      "focal": 88.32000000000001,
      "width": 96,
      "height": 96
    },
    {
      "file_path": "images/view_011.png",
      "transform_matrix": [
        [
          -0.9510565400123596,
          0.044593289494514465,
          -0.3057825267314911,
          -0.7416408061981201
        ],
        [
          0.0,
          0.989533007144928,
          0.14430689811706543,
          0.3499999940395355
        ],
        [
          0.30901703238487244,
          0.13724401593208313,
          -0.9411017894744873,
          -2.2825355529785156
        ],
        [
          0.0,
          0.0,
          0.0,
          1.0
        ]
      ],
      "focal": 88.32000000000001,
      "width": 96,
      "height": 96
    },
    {
      "file_path": "images/view_012.png",
      "transform_matrix": [
        [
          -0.80901700258255,
          0.08482146263122559,
          -0.5816329121589661,
          -1.410684585571289
        ],
        [
          0.0,
          0.989533007144928,
          0.14430689811706543,
          0.3499999940395355
        ],
        [
          0.5877852439880371,
          0.11674673110246658,
          -0.8005490303039551,
          -1.9416407346725464
        ],
        [
          0.0,
          0.0,
          0.0,
          1.0
        ]
      ],
      "focal": 88.32000000000001,
      "width": 96,
      "height": 96
    },
    {
      "file_path": "images/view_013.png",
      "transform_matrix": [
        [
          -0.5877852439880371,
          0.11674673110246658,
          -0.8005490303039551,
          -1.9416407346725464
        ],
        [
          0.0,
          0.989533007144928,
          0.14430689811706543,
          0.3499999940395355
        ],
        [
          0.80901700258255,
          0.08482146263122559,
          -0.5816329121589661,
          -1.410684585571289
        ],
        [
          0.0,
          0.0,
          0.0,
          1.0
        ]
      ],
      "focal": 88.32000000000001,
      "width": 96,
      "height": 96
    },
    {
      "file_path": "images/view_014.png",
      "transform_matrix": [
        [
          -0.30901703238487244,
          0.13724401593208313,
          -0.9411017894744873,
          -2.2825355529785156
        ],
        [
          0.0,
          0.989533007144928,
          0.14430689811706543,
          0.3499999940395355
        ],
        [
          0.9510565400123596,
          0.044593289494514465,
          -0.3057825267314911,
          -0.7416408061981201
        ],
        [
          0.0,
          0.0,
          0.0,
          1.0
        ]
      ],
      "focal": 88.32000000000001,
      "width": 96,
      "height": 96
    },
    {
      "file_path": "images/view_015.png",
      "transform_matrix": [
        [
          -1.8369700141799558e-16,
          0.14430688321590424,
          -0.989533007144928,
          -2.4000000953674316
        ],
        [
          0.0,
          0.989533007144928,
          0.14430688321590424,
          0.3499999940395355
        ],
        [
          1.0,
          2.6508741462909358e-17,
          -1.8177424986261812e-16,
          -4.4087284046088083e-16
        ],
        [
          0.0,
          0.0,
          0.0,
          1.0
        ]
      ],
      "focal": 88.32000000000001,
      "width": 96,
      "height": 96
    },
    {
      "file_path": "images/view_016.png",
      "transform_matrix": [
        [
          0.30901703238487244,
          0.13724401593208313,
          -0.9411017894744873,
          -2.2825355529785156
        ],
        [
          -0.0,
          0.989533007144928,
          0.14430689811706543,
          0.3499999940395355
        ],
        [
          0.9510565400123596,
          -0.044593289494514465,
          0.3057825267314911,
          0.7416408061981201
        ],
        [
          0.0,
          0.0,
          0.0,
          1.0
        ]
      ],
      "focal": 88.32000000000001,
      "width": 96,
      "height": 96
    },
    {
      "file_path": "images/view_017.png",
      "transform_matrix": [
        [
          0.5877852439880371,
          0.11674673110246658,
          -0.8005490303039551,
          -1.9416407346725464
        ],
        [
          -0.0,
          0.989533007144928,
          0.14430689811706543,
          0.3499999940395355
        ],
        [
          0.80901700258255,
          -0.08482146263122559,
          0.5816329121589661,
          1.410684585571289
        ],
        [
          0.0,
          0.0,
          0.0,
          1.0
        ]
      ],
      "focal": 88.32000000000001,
      "width": 96,
      "height": 96
    },
    {
      "file_path": "images/view_018.png",
      "transform_matrix": [
        [
          0.80901700258255,
          0.08482146263122559,
          -0.5816329121589661,
          -1.410684585571289
        ],
        [
          -0.0,
          0.989533007144928,
          0.14430689811706543,
          0.3499999940395355
        ],
        [
          0.5877852439880371,
          -0.11674673110246658,
          0.8005490303039551,
          1.9416407346725464
        ],
        [
          0.0,
          0.0,
          0.0,
          1.0
        ]
      ],
      "focal": 88.32000000000001,
      "width": 96,
      "height": 96
    },
    {
      "file_path": "images/view_019.png",
      "transform_matrix": [
        [
          0.9510565400123596,
          0.044593289494514465,
          -0.3057825267314911,
          -0.7416408061981201
        ],
        [
          -0.0,
          0.989533007144928,
          0.14430689811706543,
          0.3499999940395355
        ],
        [
          0.30901703238487244,
          -0.13724401593208313,
          0.9411017894744873,
          2.2825355529785156
        ],
        [
          0.0,
          0.0,
          0.0,
          1.0
        ]
      ],
      "focal": 88.32000000000001,
      "width": 96,
      "height": 96
    }
  ]
}